%YAML:1.0
---
GLFrame: !!opencv-matrix
   rows: 3
   cols: 3
   dt: f
   data: [ -4.36591059e-01, -1.84382355e+00, 6.49936104e+00,
       3.17990072e-02, 8.61792147e-01, -5.06239235e-01, -2.18234006e-02,
       5.06974876e-01, 8.61667514e-01 ]
