%YAML:1.0
---
GLFrame: !!opencv-matrix
   rows: 3
   cols: 3
   dt: f
   data: [ 2.24996805e+00, -7.87256122e-01, 5.57078743e+00,
       -7.23518372e-01, 4.60961670e-01, -5.13842106e-01, -3.82378519e-01,
       3.52110237e-01, 8.54284763e-01 ]
