%YAML:1.0
---
GLFrame: !!opencv-matrix
   rows: 3
   cols: 3
   dt: f
   data: [ 6.67041016e+00, -2.48550558e+00, 9.98173618e+00,
       -7.12000012e-01, -2.96843410e-01, -6.36348188e-01,
       -5.41722119e-01, -3.44379216e-01, 7.66770780e-01 ]
