%YAML:1.0
---
GLFrame: !!opencv-matrix
   rows: 3
   cols: 3
   dt: f
   data: [ 1.52391374e-01, 1.86354145e-01, 7.77686310e+00,
       -9.12480708e-03, -8.02389264e-01, -5.96731842e-01,
       -1.26503538e-02, -5.96615314e-01, 8.02424908e-01 ]
