%YAML:1.0
---
GLFrame: !!opencv-matrix
   rows: 3
   cols: 3
   dt: f
   data: [ -3.65663576e+00, 1.22525191e+00, 5.71450567e+00,
       6.60631597e-01, -6.05914891e-01, -4.43200171e-01, 3.44720185e-01,
       -2.79602319e-01, 8.96091819e-01 ]
