%YAML:1.0
---
GLFrame: !!opencv-matrix
   rows: 3
   cols: 3
   dt: f
   data: [ -3.26735020e+00, -4.14280939e+00, 6.35199642e+00,
       5.90887785e-01, 6.33558571e-01, -4.99451399e-01, 4.09594655e-01,
       2.97766328e-01, 8.62301707e-01 ]
